35	299	48	321
59	368	66	378
74	356	90	351
118	58	143	69
17	546	75	551
0	546	14	591
50	645	140	645
92	632	114	645
75	546	200	546
188	593	200	645
176	632	200	645			
199	546	200	645
180	645	300	655
297	655	300	686
142	645	155	655
0	728	102	750
0	751	102	783
0	783	30	801
0	975	150	978
50	890	71	890
99	842	99	881
99	881	111	890
71	851	99	890
143	800	188	801
188	801	195	890
111	890	300	890
239	875	300	890
284	809	300	875
297	794	300	809
149	891	150	975
551	0	561	195
561	195	600	195
551	0	594	30
806	0	825	108
902	0	945	30
926	0	945	195
902	161	945	195
752	182	945	195
752	135	752	195
651	135	651	195
651	135	725	135
1112	53	1121	53
1130	65	1134	72
1163	0	1170	33
1170	33	1194	33
1412	110	1437	123
614	341	678	375
678	365	687	375
755	395	816	429
816	402	825	426
825	419	831	423
857	356	884	375
884	353	891	369
891	350	912	354
912	356	930	356
797	542	797	638
750	638	750	638
753	638	797	638
653	638	699	638
797	638	894	638
746	638	750	750
753	747	797	750
753	753	797	753
797	542	945	542
950	542	950	750
950	751	950	941
650	638	650	750
650	751	650	795
650	737	702	744
650	791	696	791
753	791	950	791
866	788	885	791
857	791	885	819
897	819	950	819
842	884	852	888
911	905	950	941
752	941	950	941
651	941	651	941
1433	1103	1437	1107
1409	1121	1425	1122
1454	1154	1461	1155
1445	1184	1458	1185
1361	1406	1383	1419
74	1352	84	1365
62	1358	74	1365
302	1442	312	1443
312	1448	336	1452
362	1400	369	1407
374	1424	375	1425
376	1424	387	1425
950	995	950	1125
950	1126	950	1140
554	995	750	995
751	995	950	995
554	995	554	1092
554	1092	648	1092
704	1049	704	1125
704	1126	704	1140
704	1140	750	1140
751	1140	846	1140
899	1140	950	1140
800	995	800	1140
941	1293	950	1500
803	1293	941	1293
653	1293	744	1293
725	1293	744	1377
649	1293	660	1335
506	1335	649	1335
506	1335	506	1500
506	1335	525	1383
506	1445	525	1490
620	1394	649	1397
623	1460	649	1490
506	1490	750	1490
751	1490	941	1490
649	1394	660	1490
660	1481	710	1490
710	1469	720	1490
794	1427	804	1463
800	1466	941	1490






